%YAML:1.0
---
names:
  - "J53097154"
  - "J53097157"
  - "J53097162"
  - "J53097167"
  - "J53097169"
  - "J53097172"
  - "J53097175"
  - "J53097177"
  - "J53097179"
  - "J53097180"
  - "J53097191"
  - "J53097199"

K_J53097154: !!opencv-matrix
  rows: 3
  cols: 3
  dt: d
  data: [4588.013222436262, 0.0, 1179.2624992614458, 0.0, 4585.973931823701, 1041.7284987445003, 0.0, 0.0, 1.0]
dist_J53097154: !!opencv-matrix
  rows: 1
  cols: 5
  dt: d
  data: [-0.2091198520481745, 1.9630444495601787, -0.009744068198097419, -0.002180954550236938, -7.694831309545232]

K_J53097157: !!opencv-matrix
  rows: 3
  cols: 3
  dt: d
  data: [4585.901666209167, 0.0, 1201.485839233242, 0.0, 4587.197848420056, 989.5322167568536, 0.0, 0.0, 1.0]
dist_J53097157: !!opencv-matrix
  rows: 1
  cols: 5
  dt: d
  data: [-0.116954169709287, 0.21628233650065307, -0.0036639697406672905, -0.005449303985049759, 4.6254252491262795]

K_J53097162: !!opencv-matrix
  rows: 3
  cols: 3
  dt: d
  data: [4537.154435016542, 0.0, 1189.378102931989, 0.0, 4534.123338238927, 1004.4813433853843, 0.0, 0.0, 1.0]
dist_J53097162: !!opencv-matrix
  rows: 1
  cols: 5
  dt: d
  data: [-0.18926703999011787, 1.9222883351465183, -0.008901588580416023, -0.00043668275344904933, -7.376697662109008]

K_J53097167: !!opencv-matrix
  rows: 3
  cols: 3
  dt: d
  data: [4515.52493930552, 0.0, 1046.6282959401112, 0.0, 4516.693037207128, 937.3079848361059, 0.0, 0.0, 1.0]
dist_J53097167: !!opencv-matrix
  rows: 1
  cols: 5
  dt: d
  data: [-0.26304279274120723, 5.424874804125306, -0.010575203802784412, -0.018447109382675457, 0.0]

K_J53097169: !!opencv-matrix
  rows: 3
  cols: 3
  dt: d
  data: [4605.432415610744, 0.0, 1185.627268418921, 0.0, 4606.253187881484, 967.0122338267626, 0.0, 0.0, 1.0]
dist_J53097169: !!opencv-matrix
  rows: 1
  cols: 5
  dt: d
  data: [-0.039425355341556355, -2.171610051382051, -0.0043257836413179976, -0.004048585288456567, 50.48550266887316]

K_J53097172: !!opencv-matrix
  rows: 3
  cols: 3
  dt: d
  data: [4523.395340569087, 0.0, 1128.3014965384648, 0.0, 4514.565992855204, 1017.098049460498, 0.0, 0.0, 1.0]
dist_J53097172: !!opencv-matrix
  rows: 1
  cols: 5
  dt: d
  data: [-0.14961185940671895, 0.8195460250314417, -0.007105905206933347, -0.0054446381861738115, -1.4619962626316032]

K_J53097175: !!opencv-matrix
  rows: 3
  cols: 3
  dt: d
  data: [4474.830713357217, 0.0, 1180.4327633176085, 0.0, 4472.147424839718, 967.6248684561801, 0.0, 0.0, 1.0]
dist_J53097175: !!opencv-matrix
  rows: 1
  cols: 5
  dt: d
  data: [-0.04147999611785657, -1.3614156649776863, -0.007996044802434299, -0.0013679385170470885, 19.420325597590402]

K_J53097177: !!opencv-matrix
  rows: 3
  cols: 3
  dt: d
  data: [4628.477944548488, 0.0, 1235.6564958019114, 0.0, 4625.468668497097, 1021.2752324491388, 0.0, 0.0, 1.0]
dist_J53097177: !!opencv-matrix
  rows: 1
  cols: 5
  dt: d
  data: [-0.05661558520057115, 0.418091497327715, -0.004370825689063039, -0.0016129586333937982, 2.5289057271371584]

K_J53097179: !!opencv-matrix
  rows: 3
  cols: 3
  dt: d
  data: [4455.502048123659, 0.0, 1419.8894840465869, 0.0, 4442.656813597705, 934.5859117373141, 0.0, 0.0, 1.0]
dist_J53097179: !!opencv-matrix
  rows: 1
  cols: 5
  dt: d
  data: [-0.29373932078469195, 3.0721223191427, -0.018523310411780965, 0.011974556512863235, 0.0]

K_J53097180: !!opencv-matrix
  rows: 3
  cols: 3
  dt: d
  data: [4658.6485139376355, 0.0, 1246.3147978285647, 0.0, 4668.233578192747, 997.6250069876236, 0.0, 0.0, 1.0]
dist_J53097180: !!opencv-matrix
  rows: 1
  cols: 5
  dt: d
  data: [-0.07112501468853191, 0.616814253319781, 0.0005141827774727801, -0.0007070091377974621, 1.7499742698271752]

K_J53097191: !!opencv-matrix
  rows: 3
  cols: 3
  dt: d
  data: [4664.032236576583, 0.0, 1158.8464843541594, 0.0, 4660.322683990416, 995.6244798966148, 0.0, 0.0, 1.0]
dist_J53097191: !!opencv-matrix
  rows: 1
  cols: 5
  dt: d
  data: [-0.09388249109145415, 0.46179325463656307, -0.002444852642379685, -0.0052559336186443865, 5.02126989552643]

K_J53097199: !!opencv-matrix
  rows: 3
  cols: 3
  dt: d
  data: [4598.320495241842, 0.0, 1134.9942277940763, 0.0, 4601.762172224345, 947.3086920758435, 0.0, 0.0, 1.0]
dist_J53097199: !!opencv-matrix
  rows: 1
  cols: 5
  dt: d
  data: [-0.11830607986761536, 1.013458771544311, -0.005239385297436181, -0.010258525277662673, 3.020767572625697]